-4.93 115144.06
-4.91 112371.89
-4.60 76018.41
-4.32 52190.34
-4.29 50059.19
-4.24 46667.04
-4.16 41640.97
-4.14 40458.68
-3.89 27879.09
-3.79 23860.83
-3.60 17551.92
-3.57 16699.02
-3.36 11633.17
-3.27 9896.73
-3.26 9717.03
-3.16 8073.51
-3.03 6290.46
-3.01 6047.70
-2.98 5699.41
-2.97 5586.14
-2.75 3539.96
-2.47 1878.98
-2.35 1403.27
-2.33 1335.55
-2.29 1206.32
-2.27 1145.97
-2.24 1060.24
-2.05 633.63
-1.98 520.23
-1.68 203.82
-1.65 185.35
-1.63 172.46
-1.60 155.54
-1.31 53.19
-1.25 42.40
-1.17 31.90
-1.16 31.21
-1.03 19.14
-0.73 7.55
-0.71 6.59
-0.67 6.31
-0.66 6.91
-0.63 5.95
-0.62 5.23
-0.61 6.67
-0.60 6.20
-0.59 5.57
-0.35 4.84
-0.22 4.12
-0.16 4.02
0.05 6.02
0.07 4.68
0.14 4.80
0.28 6.08
0.73 14.69
0.75 17.15
0.76 16.47
0.84 19.89
0.88 24.05
0.96 31.65
0.97 32.24
1.01 36.87
1.41 37.05
1.52 94.54
1.53 200.36
1.58 234.81
1.67 308.16
1.81 462.25
1.85 518.68
2.01 796.98
2.13 1084.99
2.19 1261.04
2.28 1568.99
2.48 2490.15
2.50 2604.67
2.52 2720.46
2.83 5209.78
2.87 5640.52
2.96 6716.79
3.02 7526.20
3.05 7961.90
3.14 9398.46
3.26 11644.65
3.32 12928.60
3.36 13846.69
3.52 18096.24
3.69 23760.00
3.78 27316.15
3.87 31308.05
3.89 32259.37
3.95 35255.59
4.29 57015.67
4.53 78362.50
4.77 106025.03
4.82 112709.08
4.83 114088.24
4.88 121193.90
4.92 127140.76
4.96 133331.34
4.99 138135.18